5
7 5 0 2 6 
7 4 6 10 10 
3 4 8 1 1 
5 9 10 5 9 
1 7 4 4 9 
30
527 506 753 754 105 862 775 214 604 392 248 939 154 55 38 590 607 470 776 115 654 102 709 861 193 288 529 550 71 954 
504 256 392 664 524 659 878 827 974 225 158 936 64 867 691 802 690 600 709 282 592 926 398 562 864 889 618 621 379 291 
159 681 975 678 246 495 471 877 547 726 731 451 176 974 572 653 727 873 163 294 365 117 180 564 177 435 62 706 966 769 
569 744 298 792 740 364 625 602 871 80 952 50 578 31 661 415 260 752 344 448 872 173 622 724 894 665 535 177 814 660 
840 357 858 26 911 581 896 402 391 890 676 233 173 541 528 402 334 744 73 573 442 845 280 905 534 932 640 585 852 959 
945 543 309 778 457 99 260 242 431 387 387 649 813 529 17 192 803 532 407 25 859 901 773 190 763 749 928 701 727 136 
246 502 513 598 496 438 979 350 816 282 976 362 390 563 527 40 185 204 925 489 281 396 722 996 132 216 802 601 288 731 
443 446 890 894 923 890 513 444 629 962 986 93 459 152 185 655 222 674 306 866 946 446 102 902 84 318 880 173 506 172 
934 585 210 228 589 418 869 299 449 88 328 748 546 254 660 618 271 504 319 251 484 744 475 999 334 387 598 584 262 883 
756 868 130 510 810 173 146 863 519 134 180 618 339 371 645 55 403 624 833 142 208 457 742 730 378 21 710 965 603 53 
12 470 469 147 499 196 223 109 12 196 457 736 127 487 209 537 776 577 859 746 876 89 643 736 876 625 561 239 1000 326 
269 787 579 770 592 429 368 252 99 143 69 374 196 829 706 249 179 334 987 401 682 630 84 127 319 382 384 395 592 244 
998 444 324 488 524 585 310 923 99 110 692 314 120 363 128 339 860 739 639 368 272 954 588 507 289 222 854 84 60 457 
35 896 221 169 962 931 130 702 117 872 216 395 244 154 237 429 343 630 427 463 542 568 418 148 488 53 151 720 577 100 
24 699 628 302 642 426 269 576 583 844 457 206 561 30 301 686 464 467 176 112 992 374 591 258 846 565 863 650 375 652 
764 669 996 828 523 508 16 972 111 425 804 925 899 16 437 745 95 444 290 578 779 917 406 562 589 42 808 120 863 145 
485 19 949 739 515 515 204 579 499 458 25 73 436 981 965 26 296 949 842 523 532 306 844 551 954 455 563 780 429 378 
225 112 373 125 764 807 624 651 972 30 662 398 656 545 459 237 759 365 324 666 494 461 845 323 599 702 389 689 723 69 
975 944 385 451 623 535 688 517 241 826 432 590 528 958 70 461 594 918 322 170 211 12 328 465 929 641 309 643 39 579 
608 955 31 450 208 314 613 357 727 460 16 948 417 455 883 215 936 918 956 344 114 197 710 580 808 255 71 693 925 858 
824 729 150 217 709 115 757 98 578 567 89 167 133 556 979 402 565 119 201 303 530 881 777 758 721 225 579 757 529 197 
730 55 297 112 813 745 456 250 144 738 842 420 584 566 935 827 673 667 166 725 732 46 748 833 927 717 379 564 743 598 
268 785 521 201 427 558 931 669 828 709 601 299 722 174 557 869 374 805 541 414 624 35 539 361 604 753 45 910 556 758 
996 969 539 432 766 847 496 823 258 532 132 102 892 881 824 737 392 617 132 29 838 578 663 663 319 325 435 580 57 792 
413 491 349 29 406 412 652 666 638 777 76 721 621 282 76 674 672 723 343 29 300 497 53 24 379 557 650 24 433 646 
44 740 760 572 480 165 189 158 253 906 647 672 500 196 271 882 189 607 217 337 151 122 818 600 332 466 92 988 493 260 
402 248 784 346 684 601 230 979 723 998 847 355 708 916 964 111 633 296 938 901 420 74 69 764 587 575 944 15 282 576 
853 328 464 998 33 35 648 424 583 678 526 961 190 237 392 423 469 765 735 111 880 160 613 904 244 172 150 111 837 807 
952 501 30 962 191 151 991 947 176 51 835 355 726 291 611 583 408 501 647 977 861 162 46 538 234 935 834 306 817 572 
186 214 447 384 67 600 948 583 92 991 807 861 908 167 759 613 400 772 362 633 431 785 223 943 761 707 231 7 357 210 
1
