30
30
128 158 160 753 23 385 928 849 851 831 375 560 859 172 108 747 752 506 642 595 823 423 209 63 16 771 739 974 96 277 
193 151 210 546 195 684 279 67 689 361 190 125 958 344 839 512 13 114 581 982 322 664 995 413 696 801 873 735 661 134 
601 608 635 951 309 746 756 381 254 884 392 801 854 60 365 869 346 883 879 198 720 129 655 318 660 529 15 897 40 531 
969 982 917 803 999 528 828 660 758 991 370 76 52 2 189 699 417 990 598 889 515 984 52 430 48 665 587 760 348 131 
822 191 343 756 1 30 854 84 60 609 464 954 928 900 868 704 891 183 265 243 815 921 413 483 559 962 327 351 662 546 
96 0 807 189 363 128 805 99 699 309 183 676 61 637 495 928 498 839 713 823 731 688 887 405 691 907 784 75 177 504 
349 340 197 379 676 63 447 869 254 969 919 289 780 914 2 390 988 891 288 937 670 380 363 778 96 254 836 781 586 632 
734 27 673 709 526 914 238 986 227 911 713 431 510 450 192 634 455 213 141 856 581 899 552 179 765 544 266 793 803 185 
587 519 310 563 438 849 691 526 917 766 877 942 952 399 628 838 614 638 481 925 451 952 584 506 824 31 15 517 672 42 
411 651 535 518 837 701 70 611 816 102 396 226 688 470 93 978 841 51 39 717 37 655 736 883 581 299 417 421 956 843 
369 88 836 394 771 846 593 513 780 332 224 307 613 248 758 821 585 136 133 11 731 267 806 812 882 108 111 43 516 60 
344 694 134 711 907 186 520 467 390 722 225 216 809 139 264 282 117 339 825 729 416 99 667 708 263 628 109 143 267 248 
480 225 297 276 367 586 418 998 717 729 109 284 540 78 938 162 392 833 535 921 843 635 532 373 356 261 65 760 12 197 
455 711 838 979 837 222 905 920 403 671 955 941 360 879 394 956 924 345 43 486 799 23 184 107 506 156 173 238 33 555 
998 636 52 334 995 745 32 230 759 799 697 122 405 557 81 507 162 546 400 736 184 579 109 551 704 953 682 557 903 964 
323 621 395 640 576 92 993 819 526 840 225 490 918 738 955 696 142 272 761 407 364 307 1 420 727 995 662 767 950 278 
596 519 1 185 475 595 167 111 752 915 374 839 182 874 16 424 688 168 599 743 724 118 700 632 107 167 706 23 248 361 
21 715 949 579 424 918 591 934 51 952 423 302 486 861 900 722 836 196 539 274 851 500 125 2 884 31 425 483 77 669 
941 725 271 596 105 259 315 601 670 219 621 561 891 918 88 640 782 650 642 422 241 183 230 772 863 791 135 847 791 773 
523 359 587 404 551 166 945 747 705 920 839 796 471 396 425 114 766 681 96 648 92 913 271 370 468 25 220 698 591 325 
56 935 793 791 633 414 82 726 371 336 16 484 104 490 424 685 540 284 161 458 21 295 832 558 717 116 971 876 722 439 
242 287 231 141 145 456 501 812 970 798 235 893 680 166 274 680 154 2 256 725 230 55 761 708 170 497 429 300 922 692 
304 683 288 695 623 714 276 233 457 749 873 510 820 85 442 439 762 385 181 964 39 329 146 98 884 651 303 154 394 62 
386 579 103 637 770 604 746 504 207 747 706 221 477 641 269 913 925 266 40 181 121 749 939 92 269 382 784 557 678 456 
958 520 490 440 849 239 646 264 403 660 169 782 444 42 935 558 561 524 142 447 997 689 832 487 828 361 48 110 327 329 
465 906 228 15 54 541 452 405 667 719 978 925 900 522 428 774 452 635 151 840 121 762 172 146 930 613 493 337 564 692 
979 567 312 338 90 132 129 921 270 743 87 181 319 953 742 750 791 262 507 448 652 602 128 432 923 492 309 230 63 376 
5 373 902 815 44 38 625 688 248 262 843 848 751 396 393 683 23 612 623 723 149 786 870 64 426 837 194 944 810 823 
235 353 283 378 111 440 764 398 449 988 527 74 882 116 131 215 3 741 760 898 500 663 26 198 227 297 96 232 347 178 
601 515 438 33 298 352 31 876 643 818 834 707 762 615 230 187 730 986 284 933 641 198 823 796 839 874 769 217 434 772 
30
74 254 590 254 664 316 583 174 724 395 536 219 270 909 959 827 695 960 546 736 921 242 838 128 830 527 281 327 200 785 
848 468 181 5 773 622 442 498 693 235 403 143 289 997 9 473 833 370 553 479 593 223 304 289 479 623 251 375 755 351 
156 223 860 683 784 848 603 227 151 187 339 467 341 697 224 347 774 299 663 247 1 536 68 396 733 219 776 97 348 910 
898 854 42 714 90 803 544 712 308 228 792 749 191 945 778 179 73 547 522 983 807 385 932 125 144 571 20 73 849 587 
667 684 375 404 675 857 971 686 838 944 972 25 744 420 851 343 739 500 560 85 891 704 424 436 603 282 93 678 637 726 
414 213 988 748 945 269 954 767 204 927 569 898 553 800 245 226 398 480 347 104 271 859 592 350 38 723 517 806 46 18 
376 316 167 604 10 642 93 994 1000 297 374 173 331 419 95 888 695 898 264 384 285 327 344 172 459 549 180 989 424 542 
332 419 977 719 423 663 753 617 798 548 789 239 691 726 397 834 628 284 240 198 480 286 106 447 856 347 592 805 563 252 
100 589 615 46 452 852 364 557 665 670 593 104 759 713 599 512 139 974 992 27 802 261 177 63 191 983 969 55 796 888 
160 0 544 286 441 648 695 700 286 339 439 615 495 344 689 93 151 615 966 917 632 842 580 189 645 597 60 117 638 493 
684 826 319 746 953 967 697 252 659 160 469 129 379 897 841 179 261 123 313 680 182 991 262 292 388 728 6 109 152 969 
237 849 903 431 266 934 894 618 162 939 866 748 320 873 957 603 495 291 689 729 362 325 56 744 974 189 228 324 208 476 
797 402 542 57 773 509 969 110 739 734 100 432 290 702 259 632 469 674 469 409 731 417 808 51 162 178 400 913 975 272 
451 538 806 920 433 632 316 356 101 2 681 95 496 340 717 99 922 343 110 114 8 754 135 468 927 200 265 427 609 462 
949 895 952 819 290 520 305 753 832 173 691 36 362 858 731 8 532 760 105 116 170 473 445 739 17 879 877 273 728 732 
389 532 542 802 290 501 178 579 314 842 272 846 419 888 625 303 592 57 650 763 779 312 811 123 223 871 253 385 840 848 
124 1 439 598 914 881 558 524 89 311 880 625 789 357 833 884 245 977 115 250 841 31 834 794 268 489 766 130 274 532 
646 148 140 758 110 251 515 770 77 821 764 422 805 538 624 72 231 389 267 825 433 720 654 835 229 793 869 809 36 749 
393 411 477 0 96 550 698 439 364 302 202 914 980 477 651 719 440 988 854 673 541 374 385 890 947 104 462 796 822 478 
571 877 215 110 780 104 55 344 451 905 740 374 15 527 738 925 369 494 297 782 772 597 954 384 663 176 758 873 676 921 
758 339 658 166 512 169 182 466 624 577 984 535 995 222 199 835 971 554 172 978 887 61 210 198 407 622 431 636 567 686 
837 923 633 146 983 445 543 890 667 757 375 565 127 914 308 51 611 571 286 457 499 445 870 959 113 271 143 542 256 224 
161 942 760 295 744 739 150 301 297 398 862 946 846 856 490 295 121 576 934 740 94 582 142 736 216 69 376 129 843 607 
170 282 404 59 165 340 871 150 883 192 852 221 523 225 247 904 430 449 465 845 682 897 441 578 572 447 312 966 891 286 
682 397 759 698 2 316 557 962 368 61 378 59 434 822 526 208 227 35 708 311 497 355 828 740 517 202 420 412 749 632 
931 41 862 941 819 552 506 256 400 926 592 38 466 169 722 764 266 871 911 15 380 250 261 251 912 978 159 497 975 96 
447 146 721 984 59 717 323 591 312 286 874 276 14 522 507 220 954 116 925 371 661 380 321 995 163 262 467 121 159 65 
152 94 9 826 330 318 421 262 54 781 319 891 145 853 463 895 135 693 890 482 909 462 118 676 49 35 450 354 601 977 
464 741 88 252 958 167 157 620 673 126 289 531 454 593 627 528 624 57 672 977 56 495 333 24 788 856 939 471 303 163 
203 928 411 390 537 866 316 236 47 492 231 871 784 446 299 150 294 911 883 449 247 895 212 663 161 979 9 250 294 461 
